4.468506148183549520e+00 -1.268854296964934125e-01
4.335787839756978457e+00 -5.068795076148657763e-02
4.281030138116349804e+00 -2.073585494034393406e-01
4.283977332970034801e+00 1.886480265645273935e-01
4.094291332583026133e+00 3.337127729195389914e-01
3.954553460854819846e+00 3.889035782769899030e-01
3.966468033583712582e+00 4.544394285620901863e-01
4.037981110933493767e+00 4.558752061442591375e-01
4.147850055119039148e+00 4.124096244302117853e-01
4.300747683619322359e+00 3.184430684964723035e-01
4.300147055215983727e+00 2.579573465814425370e-01
4.283779166262952742e+00 2.238080643481423770e-01
4.180947983491019926e+00 1.931506449569905248e-01
4.126908873702185510e+00 1.586337439458389564e-01
4.096422252538888031e+00 1.383762662009063726e-01
4.119953722600960155e+00 7.219853906341078265e-02
4.152196873546151856e+00 7.639232785289884475e-03
4.196858883970304710e+00 -1.769267402659890909e-02
4.066858367619315295e+00 -3.315389565801611926e-01
4.085044265728878798e+00 -4.619283993401168686e-01
4.072364183825290418e+00 -5.266633943988314748e-01
4.005794718700555812e+00 -4.963484800081277570e-01
3.914128493507312623e+00 -4.239393959215270735e-01
3.860853069451883446e+00 -4.010945699421692989e-01
3.840760903543892102e+00 -4.380217215737800540e-01
3.854220476777930671e+00 -4.225462659766828222e-01
3.876689099005584005e+00 -3.907716138916393356e-01
3.862032596545268426e+00 -3.989818599262971444e-01
3.857399581130435795e+00 -4.052807900869506152e-01
3.843133174756268922e+00 -3.887920665108748897e-01
3.790121342647001512e+00 -3.536367492919501587e-01
3.770853108793785768e+00 -3.137080681968569817e-01
3.737142908208902270e+00 -2.794414473620565054e-01
3.645623357774433249e+00 -2.656606587146464471e-01
3.626839068303488123e+00 -2.469747451426512197e-01
3.603543458583379433e+00 -2.310556323184184691e-01
3.625761281488449672e+00 -2.250534980558931419e-01
3.618631833163127531e+00 -2.174926260814072365e-01
3.614666244604135770e+00 -2.022624742774886686e-01
3.627518297294197058e+00 -1.606181205754456109e-01
3.614230609573270137e+00 -9.481945811474562502e-02
3.601525381958275318e+00 -3.190505187016151600e-02
3.582166349997865318e+00 -2.689428817881628353e-02
3.538571252878516926e+00 -3.515109798939708430e-03
3.498125587612448850e+00 3.167690457961025441e-02
3.354525037254591169e+00 4.808787106443929149e-02
3.235069468925323211e+00 4.880339823088319928e-02
3.147653990423279868e+00 6.880394172281706355e-02
3.142773803737279437e+00 3.599182435608555553e-02
3.135497923169765055e+00 1.174755161412688320e-02
3.127703163632574501e+00 -1.352940411468050996e-02
3.140512617503216752e+00 4.305775522832400171e-03
3.142222579941447158e+00 2.720018389366879452e-02
3.161766970473330218e+00 6.003011819230391621e-02
3.162260159693053296e+00 1.023291671225151078e-01
3.159169851307195298e+00 1.099131134525447862e-01
3.159816635006640340e+00 1.126038238086040644e-01
3.169905669029957185e+00 1.397308499347848509e-01
3.147020137982789123e+00 1.825960058385697748e-01
3.127290776838882902e+00 2.134014314802266665e-01
3.093409406349773239e+00 2.783438407278606697e-01
3.072244122724173021e+00 3.130732060640553094e-01
3.061623104530403428e+00 3.280289086552931610e-01
3.066682089131882893e+00 3.238744859949683197e-01
3.071964534342730424e+00 3.229318428652944162e-01
3.078010779497223126e+00 3.289638618141073056e-01
3.077578448432545244e+00 3.780505648717013556e-01
3.075780816744896562e+00 4.241577979623267769e-01
3.070602344850801302e+00 4.512932163056721513e-01
3.060094933915308513e+00 4.381579099738838745e-01
3.059367446648766808e+00 4.409055609140403176e-01
3.059629702787646899e+00 4.447851036596833230e-01
3.060338838351324142e+00 4.663283845824338081e-01
3.069563240484922684e+00 4.762337971786346769e-01
3.062570978023596346e+00 4.945880436771307176e-01
3.058833315371708661e+00 5.156619772759749587e-01
3.057907942721334482e+00 5.287982826326197427e-01
3.055495676014067907e+00 5.462635980286527637e-01
3.037897859374086185e+00 5.491726435548311969e-01
3.028760633600341645e+00 5.489178196961497225e-01
3.023661841946620132e+00 5.541453079760993994e-01
3.016833629116010940e+00 5.585885448157266175e-01
3.011382155638794078e+00 5.652150806452984622e-01
3.007742420370522751e+00 5.703375329563660223e-01
3.012754857839877509e+00 5.775715999309669613e-01
2.999816059634612841e+00 5.845929761011016135e-01
2.992877000892800066e+00 5.821905000007310260e-01
2.981485643845924738e+00 6.063710208500666665e-01
2.968676206921612604e+00 6.178039807012526419e-01
2.963069725964589729e+00 6.273631569077747772e-01
2.959768634792716568e+00 6.157014835855940671e-01
2.959353861805466224e+00 6.118744815660186465e-01
2.962675960310651391e+00 6.094706958768147942e-01
2.961623629990922435e+00 6.216325800191858653e-01
2.968979287731035033e+00 6.218856054627870389e-01
2.973429519151936873e+00 6.222629930727172631e-01
2.998481040592058999e+00 6.634143088285414658e-01
3.009934775571529109e+00 7.038357953983636062e-01
3.014236812160545842e+00 7.564252971332043884e-01
3.022309249601644598e+00 7.545366525682882797e-01
3.029656695761713703e+00 7.496695816426709458e-01
3.032826089223219501e+00 7.488352630677246324e-01
3.028647843863764511e+00 7.474078038254901024e-01
3.032076572931743819e+00 7.510634550350970828e-01
3.035560511143621909e+00 7.517705223245992885e-01
3.052951463879851612e+00 7.339420086499770512e-01
3.070550772956452956e+00 7.243693140355991211e-01
3.082259104531543503e+00 7.146749541410957196e-01
3.078688296716439066e+00 7.086563649062311843e-01
3.070894843287645060e+00 7.061292132584888748e-01
3.067402219102141281e+00 7.066488489779545468e-01
3.067976195726331845e+00 7.160041928103015874e-01
3.070658256530148122e+00 7.244594806252916408e-01
3.067910763680973929e+00 7.384284907458251723e-01
3.062039932224967842e+00 7.137475653732706649e-01
3.061845554428333394e+00 6.909045885598041892e-01
3.058831233321839704e+00 6.727142940837114171e-01
3.036421321013893948e+00 6.577806548453214441e-01
3.017771694270956928e+00 6.493084974285145972e-01
3.000762126875424762e+00 6.459741054991212650e-01
2.990242217676158720e+00 6.413316067180181435e-01
2.981856680267259918e+00 6.373932861541824479e-01
2.969417567938318570e+00 6.370666142811017840e-01
2.969130351148252522e+00 6.390441190864448728e-01
2.964923295479573007e+00 6.444827693886586717e-01
2.960394697966873157e+00 6.563307229380023200e-01
2.945694670017613870e+00 6.854189617076409391e-01
2.936795698830782175e+00 7.035385776405411740e-01
2.926665094038293891e+00 7.204145160426700389e-01
2.929488697918094964e+00 7.078422701644853099e-01
2.935664424347542045e+00 6.934571011578991584e-01
2.934648446065308391e+00 6.844523974508311959e-01
2.943756456207874184e+00 6.827101649551172713e-01
2.953297685695031927e+00 6.803461274287148086e-01
2.955698839694135049e+00 6.849874632034949062e-01
2.950812827660698634e+00 6.935825666938939538e-01
2.950774224936083101e+00 6.871712878800549928e-01
2.948191896234125142e+00 6.919776500655839824e-01
2.951452135017811784e+00 6.907165787894780085e-01
2.949654630314424875e+00 6.905936068279585616e-01
2.946784114127576792e+00 6.882996488460179085e-01
2.939201075923729700e+00 7.017655499960436805e-01
2.934429119164175592e+00 7.077358417215484643e-01
2.932796244482469561e+00 7.111025207989339902e-01
2.923955896888752459e+00 7.055678323064340507e-01
2.918539610805322315e+00 6.931007394270718436e-01
2.906643588978686132e+00 6.845524595776599774e-01
2.911450569975843727e+00 6.818996322842207913e-01
2.920597574605150015e+00 6.783242098269715026e-01
2.927394613546597135e+00 6.808869492466937956e-01
-2.758566045748172435e+00 3.957126277283640192e+00
-3.233220761298151835e+00 3.461899662725777649e+00
-3.517145455402256538e+00 3.175449887031728480e+00
-3.281960126875425932e+00 2.788488264072413791e+00
-3.141410188724257591e+00 2.910155599292343798e+00
-3.044198001906434747e+00 2.686618417020163019e+00
-2.499274649445826668e+00 2.915133136492349841e+00
-2.309198445646967190e+00 3.047542987710045725e+00
-2.095634897252950157e+00 3.077081637826308835e+00
-2.274044144576097715e+00 2.980406637896682476e+00
-2.355841720548785823e+00 2.986184542946289877e+00
-2.436924354925586123e+00 3.000615137430387325e+00
-2.550625333048469834e+00 3.065976342504882712e+00
-2.593280963683672447e+00 3.153106749193590463e+00
-2.631024509364248143e+00 3.203415232049408701e+00
-2.578137204776124847e+00 3.166445102486914909e+00
-2.523071340001470375e+00 3.091206179012711885e+00
-2.459463286344952149e+00 3.037357214814667916e+00
-2.406094565851512268e+00 3.036117323144097657e+00
-2.379659296653063194e+00 2.943949432428422774e+00
-2.359275894035519627e+00 2.918537515722265052e+00
-2.416701649391044260e+00 2.937969654741413361e+00
-2.476459936516937077e+00 2.931381803640955575e+00
-2.523744230568290892e+00 2.948482173064121969e+00
-2.424807101112309127e+00 2.998092569232598148e+00
-2.349929059144225896e+00 3.019794804892281803e+00
-2.287243887327601310e+00 3.028565101664766779e+00
-2.276418101352796874e+00 3.013018868813239770e+00
-2.287570293880383243e+00 2.994939362455976362e+00
-2.289492170330143850e+00 2.980140334065484620e+00
-2.300123120889994155e+00 2.905920875213230392e+00
-2.335562836245093976e+00 2.851057556525657954e+00
-2.376637448927063190e+00 2.784855940189539858e+00
-2.385394341584174960e+00 2.702886272261936895e+00
-2.379327823054366853e+00 2.612261049313206129e+00
-2.383487633209265155e+00 2.558331596393765839e+00
-2.392466927627239226e+00 2.614318850336045497e+00
-2.400359109281357206e+00 2.665426166720755052e+00
-2.415001296113611584e+00 2.704514710153062662e+00
-2.404253328963995795e+00 2.714313030040740315e+00
-2.444667755527254016e+00 2.692397234524623428e+00
-2.467896054661653960e+00 2.710901664363691399e+00
-2.472811402465352248e+00 2.707762356947980287e+00
-2.481532759908792407e+00 2.688227424271084853e+00
-2.495490070868476185e+00 2.690322225482345342e+00
-2.532269144772761216e+00 2.685861873566815827e+00
-2.551153652223243640e+00 2.693910419798910105e+00
-2.552185128865151142e+00 2.683186311480454389e+00
-2.547310546705064738e+00 2.673610050135823535e+00
-2.518439674057753486e+00 2.665854174431355084e+00
-2.494677259359171728e+00 2.668205106588289688e+00
-2.438052668051110317e+00 2.700540188136703268e+00
-2.415411485195716690e+00 2.726722973630658409e+00
-2.383780271674604823e+00 2.738730244726871987e+00
-2.373146962307103092e+00 2.743230352932231497e+00
-2.359104760289945091e+00 2.754981124112348745e+00
-2.346147132411747549e+00 2.759713625828439376e+00
-2.340408982194190468e+00 2.769989544328161024e+00
-2.347769314489688508e+00 2.804719099823825168e+00
-2.354462436749170884e+00 2.813084001637275122e+00
-2.297106461999837368e+00 2.791750871282235646e+00
-2.270379205575219661e+00 2.769070539633404771e+00
-2.243378594814722238e+00 2.751976361117233427e+00
-2.235359439247632363e+00 2.767395071653458327e+00
-2.231879684040703360e+00 2.782861234620067847e+00
-2.222192821375207128e+00 2.805134633263629329e+00
-2.240263715930677524e+00 2.811110749426344757e+00
-2.250605603376359731e+00 2.818871583498032241e+00
-2.265814028317943318e+00 2.821310365589097202e+00
-2.269795999700536360e+00 2.792588299609644054e+00
-2.273401598296960646e+00 2.779480683638688721e+00
-2.276587627224079036e+00 2.770526020698459657e+00
-2.286931325986252261e+00 2.761031898601559842e+00
-2.298577555804028449e+00 2.732535560453913437e+00
-2.313962839207166944e+00 2.725959191710946694e+00
-2.317228719698844142e+00 2.728600375713476911e+00
-2.320531640052645006e+00 2.730530563793033050e+00
-2.328417196571091363e+00 2.731374107856544775e+00
-2.346924565895507353e+00 2.724798293176635244e+00
-2.356853506607643922e+00 2.700962338263364071e+00
-2.371365107707571251e+00 2.679653657331226402e+00
-2.368021017904519354e+00 2.655367170915934327e+00
-2.363343389974249753e+00 2.644996251548275001e+00
-2.360006254713024276e+00 2.633034558175040285e+00
-2.356405117818879180e+00 2.613850754589821079e+00
-2.355175796064020943e+00 2.582636122465799211e+00
-2.350261263978898452e+00 2.558815413327181432e+00
-2.345115862157727715e+00 2.567661016363433468e+00
-2.341883550743676601e+00 2.565035018531330646e+00
-2.339380379779292252e+00 2.552855057725667454e+00
-2.335232870459617693e+00 2.549088361721175922e+00
-2.326021414067408255e+00 2.534219217166691518e+00
-2.322604596432605639e+00 2.524848545173649761e+00
-2.306045656373511221e+00 2.519904411150263979e+00
-2.296639331484619628e+00 2.513421014223368388e+00
-2.285121748409916442e+00 2.505580874999406404e+00
-2.312737213467330299e+00 2.491648016086268846e+00
-2.344988840896867988e+00 2.441507979878208001e+00
-2.362295089544507398e+00 2.414982965762273448e+00
-2.356291272817569560e+00 2.407237148673426752e+00
-2.347136605894292405e+00 2.401720429291390957e+00
-2.341884935233887077e+00 2.398956679136305947e+00
-2.344619538580189566e+00 2.412326268842457377e+00
-2.351012118657043182e+00 2.430863021169842764e+00
-2.355255159462052994e+00 2.452622010818034326e+00
-2.353154210713581662e+00 2.463800997130849879e+00
-2.356965990403249389e+00 2.474572158468111294e+00
-2.358802733042190347e+00 2.473659621659153096e+00
-2.363693244872966837e+00 2.487696125500039823e+00
-2.368446834977155024e+00 2.500353003803956753e+00
-2.375501408455465757e+00 2.508509777403377328e+00
-2.357581604786093799e+00 2.526137087793203229e+00
-2.346807366538527173e+00 2.541556799736304662e+00
-2.344444476728279270e+00 2.551861253557237141e+00
-2.356959328120086461e+00 2.543636735290395912e+00
-2.368844353242605560e+00 2.526424280266660105e+00
-2.380073962379376518e+00 2.509829710475204312e+00
-2.385217523271860873e+00 2.455416387786578891e+00
-2.395859344872098617e+00 2.398846032652270477e+00
-2.409373970828571299e+00 2.361405988417010882e+00
-2.419623968903021449e+00 2.336756107009738681e+00
-2.425790972343763841e+00 2.323112795676868902e+00
-2.435009025559369711e+00 2.306082928701592483e+00
-2.429305688600640778e+00 2.296589324939178667e+00
-2.425315955856351735e+00 2.288240682109077717e+00
-2.424618767714952661e+00 2.290672022548381204e+00
-2.431192825739823871e+00 2.299146936605384273e+00
-2.429352343136887526e+00 2.304236965679007820e+00
-2.423983817681355735e+00 2.309461588532157439e+00
-2.401692910882040621e+00 2.277862010235901735e+00
-2.390127089524443083e+00 2.256961890356140366e+00
-2.379083294938860949e+00 2.237962494427481186e+00
-2.370685781313417451e+00 2.220038393027191415e+00
-2.361294021396577403e+00 2.206724628739495042e+00
-2.349287099583720284e+00 2.196918177127949789e+00
-2.344220549802511044e+00 2.190991763990592478e+00
-2.349770596799765077e+00 2.184062906813580174e+00
-2.350593317968897811e+00 2.178949196028027835e+00
-2.346449627202132682e+00 2.173938925736426775e+00
-2.345555007691654481e+00 2.170260730838131646e+00
-2.342542659350825840e+00 2.170996370987360535e+00
-2.331171995901757832e+00 2.176711201379723626e+00
-2.324390483821399123e+00 2.174239866161983947e+00
-2.319289179376524679e+00 2.168457712197494835e+00
-2.324489891074017489e+00 2.163501973231951592e+00
-2.328624005531468644e+00 2.153071935789988345e+00
-2.334450394770895887e+00 2.146531895095400877e+00
-2.331665344571535847e+00 2.145032381269609267e+00
-2.331970493422557578e+00 2.136447506904097793e+00
-2.329411404183774348e+00 2.130748852120498249e+00
-3.703182636496885838e+00 -4.679747349215186980e-01
-4.176027418928602408e+00 -9.275959736965384561e-01
-4.233454944614416071e+00 -9.014991450560645436e-01
-4.208586004578998008e+00 -1.179202837107911295e+00
-4.292394762161785060e+00 -1.131460054166834706e+00
-4.322598993253315314e+00 -1.104110558819629384e+00
-4.219599653396345573e+00 -1.227759913350380261e+00
-4.037967363959581668e+00 -1.328449917719425555e+00
-3.921603058575609424e+00 -1.498454375862806831e+00
-3.972090029043814141e+00 -1.365485564960798648e+00
-4.024315793168605104e+00 -1.221734580683355276e+00
-4.068092716281181076e+00 -1.106868946475840776e+00
-4.042969434941727336e+00 -1.116177636639751780e+00
-4.036890284243378701e+00 -1.083968236666251750e+00
-4.023213393802818061e+00 -1.055132933250324978e+00
-3.961424516119398387e+00 -1.109631946421204773e+00
-3.864037560820626105e+00 -1.177676278638071672e+00
-3.751629682939756183e+00 -1.238116429991324985e+00
-3.644514709187170354e+00 -1.463399824550253747e+00
-3.598140013718425401e+00 -1.559992685058536166e+00
-3.592791028192625635e+00 -1.621149317778481258e+00
-3.686197520935774463e+00 -1.641980872771519717e+00
-3.740980127861814442e+00 -1.661084432108113296e+00
-3.817397937190701640e+00 -1.677772641249234642e+00
-3.739867265860268297e+00 -1.704329459994014417e+00
-3.648902256161929980e+00 -1.759738117500330601e+00
-3.573141511353779443e+00 -1.789147257903043631e+00
-3.558675100587681772e+00 -1.763183363804349035e+00
-3.541149268992270116e+00 -1.745708364784378519e+00
-3.544674278299534187e+00 -1.752259819599469193e+00
-3.553093409716704176e+00 -1.802683685681229164e+00
-3.555306796532282654e+00 -1.851479998038440655e+00
-3.547445409100439484e+00 -1.895672842464555696e+00
-3.565689858682850932e+00 -1.856242114955972466e+00
-3.618409887658961210e+00 -1.871506545165958713e+00
-3.630193517321984586e+00 -1.864381373924438812e+00
-3.637691148015147036e+00 -1.839664800948856982e+00
-3.648311544988846578e+00 -1.822198316700891052e+00
-3.663453669036030202e+00 -1.818710279159476695e+00
-3.669730289502089793e+00 -1.791405919486822373e+00
-3.687194008657006083e+00 -1.785757022550779727e+00
-3.708955776248896719e+00 -1.789393858187123598e+00
-3.663081219053369253e+00 -1.773513556420909243e+00
-3.639066329904683705e+00 -1.763248963334997033e+00
-3.618330230176594497e+00 -1.751792469642649674e+00
-3.633822704995097741e+00 -1.814092376439654597e+00
-3.645233196140102550e+00 -1.849677890247032774e+00
-3.625443959767509661e+00 -1.885536743559372397e+00
-3.619079239880879761e+00 -1.894315371288200156e+00
-3.616779611120399363e+00 -1.899634962837137175e+00
-3.615299564998617932e+00 -1.899365355041502834e+00
-3.597908071698440846e+00 -1.887084608260367169e+00
-3.582792062310074854e+00 -1.874903660547627915e+00
-3.560641672653457768e+00 -1.867078924592009859e+00
-3.554965358075333981e+00 -1.858190542382473387e+00
-3.541348787348558069e+00 -1.844194416543743387e+00
-3.534616180236493044e+00 -1.843770190629974381e+00
-3.531909953144160674e+00 -1.806886065585459944e+00
-3.549828504751913805e+00 -1.769019377514782221e+00
-3.568096859919644093e+00 -1.726516372686398793e+00
-3.537358206956810136e+00 -1.705425884748717147e+00
-3.520746704973316987e+00 -1.700374987732098608e+00
-3.516472599421069933e+00 -1.694438240786438676e+00
-3.513200269100909878e+00 -1.682052312080551948e+00
-3.510394591685881860e+00 -1.675790625559861136e+00
-3.513774536232974199e+00 -1.665672700252570859e+00
-3.518192767181901548e+00 -1.651070174356941589e+00
-3.522610990183728585e+00 -1.639126248469304548e+00
-3.530945213379771186e+00 -1.629238128868788271e+00
-3.520095277029631653e+00 -1.641621502029970703e+00
-3.506587123090171509e+00 -1.655155095538812349e+00
-3.497689028920445864e+00 -1.664604292812801534e+00
-3.499209131386967542e+00 -1.671394889660143157e+00
-3.500824187675894983e+00 -1.681291552722443683e+00
-3.502714162608106196e+00 -1.689011817927005721e+00
-3.510540958705552939e+00 -1.685373830325075595e+00
-3.517756105561690383e+00 -1.684453778087635856e+00
-3.530698289288886738e+00 -1.687084070732681518e+00
-3.539758267010215675e+00 -1.709670033963023084e+00
-3.548097915710340278e+00 -1.724045286056595794e+00
-3.560130781713580550e+00 -1.737402104768968947e+00
-3.551088284230450309e+00 -1.738550122522328989e+00
-3.547495738742881155e+00 -1.740064369281737910e+00
-3.541960925227857881e+00 -1.741663831079590885e+00
-3.542782397919053139e+00 -1.727907094660284582e+00
-3.547180884039256021e+00 -1.720125512608299267e+00
-3.546297274950367395e+00 -1.709773082202010741e+00
-3.546623884061734344e+00 -1.691511370702144745e+00
-3.538444873510543154e+00 -1.690365450055525187e+00
-3.536836608441418228e+00 -1.684871046763433799e+00
-3.534968718980820768e+00 -1.683862983383170864e+00
-3.533126951346013733e+00 -1.682869017440985049e+00
-3.532242685142150229e+00 -1.685894254083173172e+00
-3.514138943320813002e+00 -1.689499557046706402e+00
-3.503826321962582924e+00 -1.688120676535705522e+00
-3.494936398973081726e+00 -1.685115769164489796e+00
-3.510562727971394459e+00 -1.729600003385381779e+00
-3.525602396951932782e+00 -1.777864076377983826e+00
-3.556307238281135596e+00 -1.814947713311514388e+00
-3.540343911278987399e+00 -1.813423336043973988e+00
-3.530623141704305912e+00 -1.812942289652138328e+00
-3.523646046874703064e+00 -1.813913243971580158e+00
-3.529768205931351766e+00 -1.800871147149460283e+00
-3.541843743555293855e+00 -1.773993095996016178e+00
-3.544825711597001217e+00 -1.751099679363603334e+00
-3.544335383447036580e+00 -1.764303218483926017e+00
-3.541717583438352523e+00 -1.769730557644979108e+00
-3.540855426413941132e+00 -1.773566444378570583e+00
-3.547376572822888985e+00 -1.771298804040114305e+00
-3.543481255882006575e+00 -1.773065768448153889e+00
-3.544183357907188636e+00 -1.771898121376321411e+00
-3.543046862085670767e+00 -1.750801079793543824e+00
-3.540174023174894380e+00 -1.727083184285491901e+00
-3.538729916962324751e+00 -1.714305832447466038e+00
-3.546473077821294062e+00 -1.723518554837746741e+00
-3.553919449360595895e+00 -1.731850102802059199e+00
-3.560525367553176057e+00 -1.739276244902889568e+00
-3.568083960739465432e+00 -1.749698213752946652e+00
-3.572571451313309776e+00 -1.753929973495630179e+00
-3.572795908120735664e+00 -1.755980322531914162e+00
-3.572093368550510739e+00 -1.765041018361066971e+00
-3.576644387224472865e+00 -1.769114725777111818e+00
-3.577296373590567402e+00 -1.769493497602343091e+00
-3.579624752983796121e+00 -1.771143263463852424e+00
-3.579795080439541977e+00 -1.768589767492689369e+00
-3.581862648786009906e+00 -1.759002043329295439e+00
-3.586900744286127818e+00 -1.740148750709848535e+00
-3.587796999505859841e+00 -1.728493748825590037e+00
-3.584409306875426360e+00 -1.716287557133366892e+00
-3.573022798327352589e+00 -1.719982925687753905e+00
-3.562088955227483922e+00 -1.726355663868496038e+00
-3.553569101867969593e+00 -1.730127735453200977e+00
-3.538810980186485988e+00 -1.739238924669260777e+00
-3.528696043425441076e+00 -1.746319261340950613e+00
-3.514643331829439887e+00 -1.755325176817996269e+00
-3.508639041443800455e+00 -1.752961325033761231e+00
-3.512873035946614486e+00 -1.751817463870855907e+00
-3.514688626990595033e+00 -1.754161159166064410e+00
-3.513314025087666437e+00 -1.752085121146748747e+00
-3.512632306464293031e+00 -1.749015554515108928e+00
-3.512540061437137595e+00 -1.747648183088410301e+00
-3.508499706904634419e+00 -1.735461292843781145e+00
-3.510612051662293176e+00 -1.733645431365109069e+00
-3.511886662244102286e+00 -1.733852823968645041e+00
-3.518522687987557518e+00 -1.739346802331887210e+00
-3.520982614682775846e+00 -1.745689435847632254e+00
-3.525176310741576557e+00 -1.748277993497959759e+00
-3.509532364832169904e+00 -1.752961943808175826e+00
-3.497878330327870877e+00 -1.760977801789822328e+00
-3.483978841326465403e+00 -1.766854701793610261e+00
2.101410299450937824e+00 9.513022259400509828e-01
2.233545553311162113e+00 6.876064319824085613e-01
2.468215245271728087e+00 5.132247623406185344e-01
2.321479164730391620e+00 2.340441372212963000e-01
2.138692695227399021e+00 1.603989372466658736e-01
2.130090015635044409e+00 1.244374359293868304e-01
1.924347332175377012e+00 2.500005608642191790e-03
1.904778605455814011e+00 2.076957669583781307e-01
1.867557648490079325e+00 2.494874129379665295e-01
1.986546373574247015e+00 3.184995909677923454e-01
2.093248219900708751e+00 3.674652945714197427e-01
2.158494827877056821e+00 3.725608824182644607e-01
2.070127963066803467e+00 3.907385428489005830e-01
2.091264119941516952e+00 4.168753238738870381e-01
2.100287751072423159e+00 4.064336402541215976e-01
2.145245851693228012e+00 3.746033092709067924e-01
2.104362414500968725e+00 2.916517178844887370e-01
2.094295684128399504e+00 2.171370265817517686e-01
2.007834342232617253e+00 2.235114581819200308e-01
1.945755972629977570e+00 2.047464184476411597e-01
1.951438289581893804e+00 2.189506329774417726e-01
1.966737969129691788e+00 1.494375134662011551e-01
1.964627156206222081e+00 9.409662946318186894e-02
1.959646886760209705e+00 8.411728015427386018e-02
2.043756066034700059e+00 1.274214794423070563e-01
2.074227724578129539e+00 1.729715758744663212e-01
2.124176980504714152e+00 1.948166954999598910e-01
2.113339742167261726e+00 2.079282424048096156e-01
2.116862873435360282e+00 2.011623026972650941e-01
2.139407836384480621e+00 1.963118437779618475e-01
2.092100050005454293e+00 1.586933951667018894e-01
2.065735037204498692e+00 1.271574378044741660e-01
2.017893801824798938e+00 8.732267417194430892e-02
2.001829898603769031e+00 1.196378624415345426e-01
1.974108239858330061e+00 1.480710383776341066e-01
1.938811691487394961e+00 1.765088958655655904e-01
1.949611582759664286e+00 2.181458844870572678e-01
1.995700847302819048e+00 2.253427074792903051e-01
2.021403024897614920e+00 2.284011447617055046e-01
2.029230372543468164e+00 2.268181655840532940e-01
2.036097751288211910e+00 2.169200363234402296e-01
2.045337875561815899e+00 2.239023300068530009e-01
2.047586688536479738e+00 2.226133699227262619e-01
2.062034288742137900e+00 2.307730729631498334e-01
2.063298025037254568e+00 2.065850571316366902e-01
2.074821393010813697e+00 1.808382911551487116e-01
2.081440241026479399e+00 1.627714102957289466e-01
2.088027522305788697e+00 1.441820201766979559e-01
2.082971101313081164e+00 1.435946447936188308e-01
2.079216204718051575e+00 1.359512216110315419e-01
2.073786530551104956e+00 1.228003123381554013e-01
2.044006946177943540e+00 1.096047098146394339e-01
2.032249795926303282e+00 1.003593556675631548e-01
2.017336228174215318e+00 8.428177752563879854e-02
1.981981235807297903e+00 4.953546360393833170e-02
1.980485508810781337e+00 2.480060538650316615e-02
1.968909892633035064e+00 5.154616222877855813e-03
1.964206497221541836e+00 2.729376888140372381e-03
1.958453018337675378e+00 -7.762043593932455021e-03
1.954809615649961918e+00 -1.696191969911114983e-02
1.974619446594789496e+00 1.048486541027179864e-02
1.978479886888517392e+00 2.425870908345686972e-02
1.982019662003859040e+00 3.968903529771547478e-02
1.999758001499359450e+00 5.919262015303208835e-02
1.996969905599718320e+00 1.065979551094267397e-01
2.004304485787948398e+00 1.156302805089271940e-01
2.010391952044523478e+00 1.211709251478257227e-01
2.009300258469018274e+00 1.241878364874312995e-01
2.022500216754063995e+00 1.334517031399471421e-01
2.032687859877677194e+00 1.285416397720031689e-01
2.040389363232753883e+00 1.266538508594416412e-01
2.053891897121284504e+00 1.268187739302244488e-01
2.063306953112170383e+00 1.189960059934293546e-01
2.075625579284297917e+00 1.080426082649406511e-01
2.084583966467494331e+00 1.045463137546048110e-01
2.111444999145797308e+00 4.407994040170470917e-02
2.115813841775893600e+00 1.119016237455597307e-02
2.110776859729555088e+00 1.020502462958577938e-02
2.107698847014805921e+00 5.097967713202422591e-03
2.108472177983963913e+00 1.063664696145855126e-03
2.108278587848539942e+00 -3.224725991175986239e-03
2.107312106664418483e+00 3.306330717679717424e-03
2.108141640348623724e+00 4.079410339445754818e-03
2.117477981211147053e+00 1.117598120103675818e-02
2.126170441317507098e+00 2.866554254075222297e-02
2.129722440656942606e+00 3.512486031110043094e-02
2.132805839773835643e+00 5.254831463283801685e-02
2.126240238125481685e+00 7.725090242359705650e-02
2.116681142386692915e+00 9.687382187523846389e-02
2.111240814702960211e+00 1.132205254294929714e-01
2.109972204683603358e+00 1.320177234748076689e-01
2.102570122334067815e+00 1.465855665154063847e-01
2.104375330388347454e+00 1.592645960250858306e-01
2.100363924799221849e+00 1.604179603812491139e-01
2.096058978188924726e+00 1.555834341822197597e-01
2.092536628469930271e+00 1.532020695901277485e-01
2.113417940779918514e+00 1.503141457425835603e-01
2.141943194554138064e+00 1.407908600435495150e-01
2.158825021696379576e+00 1.361840479305280183e-01
2.101288876133052597e+00 9.027046845776298678e-02
2.063436760991143704e+00 4.739678519053548700e-02
2.026924372081222891e+00 2.016716583949709762e-04
2.013426024763641742e+00 -1.487885637584265841e-02
2.001547847323143170e+00 -1.281468187197101760e-02
1.989017610742174869e+00 -1.010439423388959784e-02
1.990816136436749595e+00 -2.070548777972010951e-02
1.993813668158480157e+00 -2.116503658810009458e-02
1.993992969845635566e+00 -2.236556307523682868e-02
1.979152706744706780e+00 -2.063596213101102916e-02
1.977059702731305268e+00 -9.585185828070427738e-03
1.974195972356213913e+00 -1.621116268162865748e-03
1.981428722504282813e+00 -1.682834884205394385e-02
1.984244583934082318e+00 -2.756250584611270871e-02
1.986921557965124041e+00 -3.467788667914629974e-02
2.007532351657677072e+00 -2.828725020320060207e-02
2.024162440340241176e+00 -2.010417256768776140e-02
2.036859272697630452e+00 -1.194644574191258690e-02
2.039140905146343830e+00 -1.660053933634689574e-02
2.034271475637208670e+00 -2.341683175025824001e-02
2.036236793271448242e+00 -2.628249006517985667e-02
2.040874549851799280e+00 -2.269836835635781480e-02
2.049943871602278200e+00 -2.448753326574310343e-02
2.054149086540443037e+00 -2.247546671772068100e-02
2.055979537431456450e+00 -1.282584707465408286e-02
2.061185595705123053e+00 -7.435520382180444560e-03
2.060112234179182877e+00 -7.162108204193894795e-03
2.050986873168684888e+00 -2.173869269017541378e-02
2.041040888270372999e+00 -3.720882232215361185e-02
2.029601448426037624e+00 -4.852204653324341393e-02
2.032598650342412938e+00 -5.526358447344434377e-02
2.028329768622874063e+00 -6.085517057168356170e-02
2.027992971649028586e+00 -6.594761953203481797e-02
2.040350469788817733e+00 -7.233824009528977417e-02
2.049592306710367851e+00 -7.554744968250784454e-02
2.062595837744693572e+00 -7.748393915903174778e-02
2.063875631928692389e+00 -7.742629076366296104e-02
2.063792970666064708e+00 -7.750773962684254226e-02
2.061563078772188806e+00 -7.957225317369531759e-02
2.068911619220707099e+00 -8.669570339659027347e-02
2.077452096029513307e+00 -9.863676739003893190e-02
2.085368179325273186e+00 -1.085205114867859033e-01
2.114100869065534294e+00 -1.129599240715349895e-01
2.137965689956397686e+00 -1.204844805221755716e-01
2.147897229238431738e+00 -1.313032989737480116e-01
2.133441267386573248e+00 -1.256387567758938950e-01
2.119911426725487491e+00 -1.204868245206548172e-01
2.105890769075557056e+00 -1.149917100919215923e-01
2.112993923378062355e+00 -1.228694283457765907e-01
2.125647216496690195e+00 -1.390186040861107197e-01
2.134454576459441810e+00 -1.438399576487747467e-01
-9.265651084480754918e-01 -2.115423368396491810e+00
-5.799804941698516458e-01 -1.730883339533898502e+00
-9.144691433112328571e-01 -1.853126658299671270e+00
-3.807468906788532004e-01 -1.535822447347403807e+00
-1.891581213412907025e-01 -1.299380832127264185e+00
-1.149485122772490320e-01 -1.262699118714317725e+00
2.438675951460827218e-01 -1.449166319554972659e+00
4.535412905126081085e-01 -1.528050860065964134e+00
5.613290838079104672e-01 -1.538768726978339663e+00
3.942405493361391122e-01 -1.536637566187962323e+00
3.217381427188363840e-01 -1.564330549805369008e+00
2.519370096523102509e-01 -1.600322889104787594e+00
2.726277768438110094e-01 -1.638574417536402983e+00
3.062902848870630024e-01 -1.665098740545918554e+00
3.312154099194265511e-01 -1.675907825686441255e+00
3.904948453380105433e-01 -1.723200998056015454e+00
4.684924852021992159e-01 -1.798383224864606778e+00
5.590288374008305361e-01 -1.868654922187914291e+00
8.440874931824211558e-01 -2.133311919584013783e+00
9.536365732158190722e-01 -2.305923593962874385e+00
9.849652073943444552e-01 -2.410229051798750799e+00
8.614911479962388263e-01 -2.311426578237580909e+00
7.813181031883060790e-01 -2.208032730171826330e+00
6.837662774115444986e-01 -2.132139052537889601e+00
6.777586193175364482e-01 -2.214899463521603273e+00
6.817641215285532574e-01 -2.253215290909189594e+00
6.800074850427306750e-01 -2.320437260696282866e+00
6.964867483878516286e-01 -2.318724546186524460e+00
7.004198476189053002e-01 -2.328862754011239655e+00
7.218989931178760866e-01 -2.335912674257740296e+00
6.608341390949254990e-01 -2.342462648410624571e+00
6.303921431606980263e-01 -2.343708660473914573e+00
6.194888342208038079e-01 -2.342605587291696878e+00
5.555667223373540464e-01 -2.223873816785532753e+00
5.358217943626459867e-01 -2.119526049939274515e+00
4.938734699417282048e-01 -2.054362793422205513e+00
5.362685838358580703e-01 -1.993087144432635016e+00
5.642366321493685888e-01 -1.970088735791496237e+00
5.811797877255526767e-01 -1.959037413714699083e+00
5.300038879028412531e-01 -1.876637604516133262e+00
5.222728624172114920e-01 -1.835271656153365294e+00
5.202128134621466504e-01 -1.788402930593754547e+00
5.635821145935048238e-01 -1.792503266579981380e+00
5.847264495541599771e-01 -1.745449287383642911e+00
6.005505346991629745e-01 -1.706938980929107563e+00
5.852036793170708462e-01 -1.651012067100482650e+00
6.013963631087624329e-01 -1.644901237487047752e+00
6.106455114024557096e-01 -1.620610165302826644e+00
5.958647880696297250e-01 -1.666856641135458172e+00
5.979373748361772600e-01 -1.698295929711413077e+00
5.925003617731270378e-01 -1.721718947910477304e+00
6.272136272536189550e-01 -1.664599675806133217e+00
6.546369040768058589e-01 -1.623395823502478574e+00
6.882942926782324999e-01 -1.604176499940010547e+00
6.919732691321556217e-01 -1.554212161768623979e+00
6.961039935633465126e-01 -1.517717867803690668e+00
7.027641631757594043e-01 -1.492764348295778865e+00
7.321485216529015627e-01 -1.432520047602897861e+00
7.524395769331847506e-01 -1.399768850282176347e+00
7.659351129789471191e-01 -1.346284383070814883e+00
7.726055618042573236e-01 -1.319602627345407342e+00
8.028333881449121190e-01 -1.274191712388415887e+00
8.194587689398646901e-01 -1.229485737702801451e+00
8.330435679224347245e-01 -1.236216832821449341e+00
8.347604136077926285e-01 -1.250884457851332510e+00
8.364672100810406352e-01 -1.263061245134685429e+00
8.508006545740141036e-01 -1.237254936771189140e+00
8.693281949211698612e-01 -1.216905672090554003e+00
8.743745583327635629e-01 -1.194581333665293954e+00
8.793463307055203737e-01 -1.204099791312953638e+00
8.886707731710612457e-01 -1.214458993950007448e+00
9.026023788023301853e-01 -1.223632127631173239e+00
9.098553725941197490e-01 -1.232435806829085490e+00
9.090363598963151492e-01 -1.243552671826567035e+00
9.146116079291937151e-01 -1.252028064204746327e+00
8.969838827589314834e-01 -1.256095647645062874e+00
8.895946593201002894e-01 -1.258930926716972820e+00
8.760671790386949098e-01 -1.263860329317875841e+00
8.421761992435182753e-01 -1.277538259865037995e+00
8.112210103569416075e-01 -1.291995073864750543e+00
7.938871471761035359e-01 -1.294533852559558218e+00
7.876073906829087479e-01 -1.295345652577115869e+00
7.828301793990694035e-01 -1.294347701258090177e+00
7.799844794808545867e-01 -1.295851272202890980e+00
7.733318300220415331e-01 -1.274868241480986875e+00
7.722157676153810213e-01 -1.263181094350743106e+00
7.675871164695508009e-01 -1.248345224583824020e+00
7.754051145646403409e-01 -1.204051347322107501e+00
7.737969830376654201e-01 -1.171501413665393621e+00
7.696175040059285433e-01 -1.124354868408351749e+00
7.617933001714516372e-01 -1.107294819831557531e+00
7.611407581485613028e-01 -1.091717131672135688e+00
7.612230310017235047e-01 -1.074408204285003166e+00
7.673416099915204569e-01 -1.056990680440227814e+00
7.743651665604401879e-01 -1.043481460731803478e+00
7.824994881580977779e-01 -1.031048137426783917e+00
7.620633783088954782e-01 -1.041233126600247916e+00
7.403237829190554287e-01 -1.064551550068777441e+00
7.558307865788549407e-01 -1.091180343740747016e+00
7.668416158703642571e-01 -1.088650394226993834e+00
7.695140517171196182e-01 -1.089072323680984944e+00
7.730361309827948890e-01 -1.089066074240991000e+00
7.750287760847732743e-01 -1.089050449740428528e+00
7.800877297654926767e-01 -1.082665851441511506e+00
7.849022397716018951e-01 -1.083074950227752575e+00
7.938374271226978918e-01 -1.097842393501210267e+00
7.894471536000609024e-01 -1.125517666979244380e+00
7.861105362037440480e-01 -1.130451951929767551e+00
7.806865059275863716e-01 -1.121962043374332474e+00
7.760880125696520970e-01 -1.114225047479605823e+00
7.700471996293128951e-01 -1.110865276960979031e+00
7.678740977143454494e-01 -1.081222968752884039e+00
7.612042414559484493e-01 -1.050697698989189188e+00
7.630497232480837333e-01 -1.023371634615119818e+00
7.491802625365636681e-01 -1.026823074528445234e+00
7.459747019463760509e-01 -1.026692033031497031e+00
7.437780091597303578e-01 -1.029546164566429001e+00
7.326980334393042860e-01 -1.050878571654064508e+00
7.316798449332727605e-01 -1.049095745451664063e+00
7.299462002536571958e-01 -1.052065668242354590e+00
7.321185729276997733e-01 -1.051532940242127401e+00
7.309838314846189844e-01 -1.050128600033655601e+00
7.311783903086621628e-01 -1.050928904662647545e+00
7.320316991717089605e-01 -1.057660456709871077e+00
7.324313136273615799e-01 -1.058597212437011104e+00
7.296776699997239435e-01 -1.059359723898597228e+00
7.319641089841563142e-01 -1.061152185090002753e+00
7.356664559745818011e-01 -1.048182560360103377e+00
7.364889390584770101e-01 -1.039156230789656021e+00
7.351099218864207696e-01 -1.041679893082460229e+00
7.403128542555649227e-01 -1.041998780776712596e+00
7.445227407033776501e-01 -1.042614747743865200e+00
7.601688024393808973e-01 -1.026894677427199420e+00
7.636358479520010123e-01 -1.020380877574820433e+00
7.687296985801326255e-01 -1.008631457534819642e+00
7.707365968571144865e-01 -9.938688642330544276e-01
7.688589138413700619e-01 -9.869575456956773962e-01
7.661128400173551345e-01 -9.786757647907211588e-01
7.667207542830632994e-01 -9.716808441328679269e-01
7.675973667074758033e-01 -9.651370034368961237e-01
7.689162171520194100e-01 -9.571236149469463106e-01
7.708958573280824123e-01 -9.435640039209907126e-01
7.743722704368841692e-01 -9.293854031748497446e-01
7.729189427555585024e-01 -9.184355505435681799e-01
7.600719305379514124e-01 -9.133606969735686976e-01
7.530528640870234325e-01 -9.138140869419821843e-01
7.480163210460366585e-01 -9.152272281555269284e-01
7.597867762189927099e-01 -9.283808005778304562e-01
7.692996457353259432e-01 -9.327815359531865802e-01
7.813195832521965256e-01 -9.379283717861729430e-01
